468646961
36432879
599767159
1003398199
707246777515245572
277158689
27104113
18699142
1631671458
44691739
4235197337
1052051030
18080108
180705418
1066585043626311680
3354214695
1099695707341180928
1161814802
96698038
762470063261704192
419084104
1269613348003471360
716326749823438848
56319954
262834701
236287355
36837114
462494796
48761924
367479753
395620849
2740563252
32691725
1470633924
107125748
18266688
20792657
110445334
19115457
232901331
18247062
147725246
474232856
825608011
104503831
98240178
52050545
1675743247
999632589286670336
1390840993
4892988929
2990685034
547690781
1546382263
28650342
1165002047369826304
16869718
22635112
37040011
25606255
55456966
45014496
878247600096509952
63769373
25457754
91508945
34667097
71675903
2483104627
58807922
842327754301423616
2436338828
465092949
4802754257
856877583803265025
762789921933307904
618356934
16175706
25443684
821557387
19613907
756198843042193408
18774951
267944170
3310505366
37718165
499771067
45660732
2665748041
4532518512
2149677560
2730264319
902200087
217634501
3165740402
18410315
449850814
434458299
3407890707
111660650
39797085
1584092041
142297864
72002979
540240770
34951162
280339608
2272305950
2268158728
24880132
30721022
